1427
2056
2057
2061
2062
2062
2063
2063
2064
2064
2069
2072
3071
3074
4075
4086
4104
5109
5117
5141
5142
5143
5144
5151
5153
5169
5171
5172
6199
7184
7186
7188
7190
8191
9218
9219
9220
9221
9222
10217
10217
11257
11257
11258
12215
12216
12217
12239
12241
13259
13260
13263
13282
14214
14215
14217
14241
14247
14249
15214
15215
15218
16215
16217
16220
17248
17249
17251
18265
18266
18268
19254
19254
19255
20249
20249
20249
21253
21253
21254
22215
22215
22216
23214
23214
23215
24248
24250
24252
25214
25214
25216
25231
26248
26249
26250
27212
27212
27214
28246
28248
28248
28265
29214
29214
29215
29216
30248
30250
30252
31214
31215
31215
31249
32214
32214
32215
32248
33248
33248
33249
34247
34248
34249
35213
35214
35215
36248
36248
36250
37213
37213
37215
37248
38247
38248
38249
39247
39247
39249
40212
40214
40215
41247
41248
41250
42212
42213
42215
43248
43249
43250
44212
44213
44215
45213
45213
45215
45247
46212
46213
46214
46247
47247
47247
47248
48246
48247
48248
49213
49213
49214
50212
50213
50214
50247
51247
51247
51249
52246
52247
52249
53212
53213
53214
54246
54246
54248
55211
55211
55213
56246
56246
56249
57211
57211
57214
58211
58211
58214
59211
59211
59212
60246
60246
60248
61211
61211
61213
61204
61325
61463
61469
61489